0
0
0
0
0
0
0
0
0
0
0
0
0
0
0
0
0
0
0
0
0
0
0
0
0
0
0
0
0
0
0
0
0
0
0
0
0
0
0
0
0
0
0
0
0
0
0
0
0
0
0
0
0
0
0
0
0
0
0
0
0
0
0
0
0
0
0
0
0
0
0
0
0
0
0
0
0
0
0
0
0
0
0
0
0
0
0
0
0
0
0
0
0
0
0
0
0
0
0
0
0
0
0
0
0
0
0
0
0
0
0
0
0
0
0
0
0
0
0
0
0
0
0
0
0
0
0
0
0
0
0
0
0
0
0
0
0
0
0
0
0
0
0
0
0
0
0
0
0
0
0
0
0
0
0
0
0
0
0
0
0
0
0
0
0
0
0
0
0
0
0
0
0
0
0
0
0
0
0
0
0
0
0
0
0
0
0
0
0
0
0
0
0
0
0
0
0
0
0
0
0
0
0
0
0
0
0
0
0
0
0
0
0
0
0
0
0
0
0
0
0
0
0
0
0
1
1
1
1
1
1
1
1
1
1
1
1
1
1
1
1
1
1
1
1
0
0
0
0
0
0
0
0
0
0
0
0
0
0
0
0
0
0
0
0
0
0
0
0
0
0
0
0
0
0
-1
-1
-1
-1
-1
-1
-1
-1
-1
-1
-1
-1
-1
-1
-2
-2
-2
-2
-2
-2
-2
-2
-2
-2
-2
-2
-2
-2
-2
-2
-2
-2
-2
-2
-2
-1
-1
-1
-1
-1
-1
-1
-1
-1
-1
-1
0
0
0
0
0
0
0
0
0
0
0
0
0
1
1
1
1
1
1
1
2
2
2
2
2
2
2
3
3
3
3
3
3
3
3
3
3
4
4
4
4
4
4
4
4
4
4
4
4
4
3
3
3
3
3
3
3
3
2
2
2
2
2
2
1
1
1
1
0
0
0
0
0
0
0
0
-1
-1
-1
-2
-2
-2
-2
-3
-3
-3
-4
-4
-4
-4
-5
-5
-5
-5
-5
-6
-6
-6
-6
-6
-6
-7
-7
-7
-7
-7
-7
-7
-7
-7
-7
-7
-7
-7
-7
-6
-6
-6
-6
-6
-5
-5
-5
-5
-4
-4
-4
-3
-3
-3
-2
-2
-2
-1
-1
0
0
0
0
1
1
2
2
3
3
4
4
5
5
6
6
7
7
7
8
8
9
9
10
10
10
11
11
11
11
12
12
12
12
12
12
13
13
13
13
12
12
12
12
12
12
11
11
11
11
10
10
9
9
8
8
7
7
6
5
5
4
3
2
2
1
0
0
-1
-2
-3
-3
-4
-5
-6
-7
-8
-9
-10
-11
-12
-13
-13
-14
-15
-16
-17
-18
-18
-19
-20
-20
-21
-22
-22
-23
-23
-24
-24
-24
-25
-25
-25
-25
-25
-25
-25
-25
-25
-24
-24
-24
-23
-23
-22
-21
-21
-20
-19
-18
-17
-16
-14
-13
-12
-10
-9
-7
-6
-4
-2
0
0
2
4
6
9
11
13
15
18
20
22
25
27
30
32
35
37
40
43
45
48
51
53
56
59
61
64
67
69
72
75
77
80
82
85
87
89
92
94
96
98
100
102
104
106
108
110
112
113
115
116
118
119
120
121
122
123
124
124
125
125
126
126
126
127
