0 
0 
0 
0 
0 
0 
0 
0 
0 
0 
0 
0 
0 
0 
0 
0 
0 
0 
0 
0 
0 
0 
0 
0 
0 
0 
0 
0 
0 
0 
0 
0 
0 
0 
0 
0 
0 
0 
0 
0 
0 
0 
0 
0 
0 
0 
0 
0 
0 
0 
0 
0 
0 
0 
0 
0 
0 
0 
0 
0 
0 
0 
0 
0 
0 
0 
0 
0 
0 
0 
0 
0 
0 
0 
0 
0 
0 
0 
0 
0 
0 
0 
0 
0 
0 
0 
0 
0 
0 
0 
0 
0 
0 
0 
0 
0 
0 
0 
0 
0 
0 
0 
0 
0 
0 
0 
0 
0 
0 
0 
0 
0 
0 
0 
0 
0 
0 
0 
0 
0 
0 
0 
0 
0 
0 
0 
0 
0 
0 
0 
0 
0 
0 
0 
0 
0 
0 
0 
0 
0 
0 
0 
0 
0 
0 
0 
0 
0 
0 
0 
0 
0 
0 
0 
0 
0 
0 
0 
0 
0 
0 
0 
0 
0 
0 
0 
0 
0 
0 
0 
0 
0 
0 
0 
0 
0 
0 
0 
0 
0 
0 
0 
0 
0 
0 
0 
0 
0 
0 
0 
0 
0 
0 
0 
0 
0 
0 
0 
0 
0 
0 
0 
0 
0 
0 
0 
0 
0 
0 
0 
0 
0 
0 
0 
0 
0 
0 
0 
0 
0 
0 
0 
0 
0 
0 
0 
0 
0 
0 
0 
0 
0 
0 
0 
0 
0 
0 
0 
0 
0 
0 
0 
0 
0 
0 
0 
0 
0 
0 
0 
0 
0 
0 
0 
0 
0 
2 
3 
0 
0 
0 
0 
0 
0 
0 
0 
0 
0 
0 
0 
0 
0 
0 
0 
0 
0 
0 
0 
0 
0 
0 
0 
0 
0 
0 
0 
0 
0 
0 
0 
0 
0 
0 
0 
0 
0 
0 
0 
0 
0 
0 
0 
0 
0 
0 
0 
0 
0 
0 
0 
0 
0 
0 
0 
0 
0 
0 
0 
0 
0 
0 
0 
0 
0 
0 
0 
0 
0 
0 
0 
0 
0 
0 
0 
0 
0 
0 
0 
0 
0 
0 
0 
0 
0 
0 
0 
0 
0 
0 
0 
0 
0 
0 
0 
0 
0 
0 
0 
0 
0 
0 
0 
0 
0 
0 
0 
0 
0 
0 
0 
0 
0 
0 
0 
0 
0 
0 
0 
0 
0 
0 
0 
0 
0 
0 
0 
0 
0 
0 
0 
0 
0 
0 
0 
0 
0 
0 
0 
0 
0 
0 
0 
0 
0 
0 
0 
0 
0 
0 
0 
0 
0 
0 
0 
0 
0 
0 
0 
0 
0 
0 
0 
0 
0 
0 
0 
0 
0 
0 
0 
0 
0 
0 
0 
0 
0 
0 
0 
0 
0 
0 
0 
0 
0 
0 
0 
0 
0 
0 
0 
0 
0 
0 
0 
0 
0 
0 
0 
0 
0 
0 
0 
0 
0 
0 
0 
0 
0 
0 
0 
0 
0 
0 
0 
0 
0 
0 
0 
0 
0 
0 
0 
0 
0 
0 
0 
0 
0 
0 
0 
0 
0 
0 
0 
0 
0 
0 
0 
0 
0 
0 
0 
0 
0 
0 
0 
0 
0 
0 
0 
0 
0 
0 
21118 
-7336 
28309 
6915 
29627 
12556 
6568 
32369 
25883 
-6810 
23823 
-19333 
-16430 
21812 
-1172 
16280 
20360 
-22453 
-18646 
-2823 
-4028 
-9277 
-18403 
18579 
-20538 
-15662 
17260 
-29330 
4996 
18189 
-15075 
-7540 
15905 
-2229 
15284 
-19855 
-5589 
30432 
-26628 
-7495 
-20768 
-7908 
-18724 
-5838 
-12536 
-2170 
21733 
-18687 
-29796 
29928 
15113 
-11991 
-10521 
-20782 
20979 
17980 
18254 
31995 
26890 
17200 
15383 
15600 
-11128 
-3780 
-27705 
-9441 
-28020 
-2528 
-31024 
-31351 
-7679 
-32363 
21428 
25584 
9269 
13355 
2257 
-1799 
-30203 
11288 
5770 
-13099 
32381 
28585 
-6416 
-31164 
-23432 
-19363 
16065 
-2920 
-4520 
-16879 
6582 
1360 
-4842 
6582 
10860 
17630 
27670 
18577 
12044 
-1030 
-23340 
7607 
-5747 
1681 
22384 
-29992 
10866 
-20565 
-15810 
17877 
-18672 
22580 
-6719 
-15269 
1295 
19768 
-13606 
-28539 
314 
-28363 
-4047 
-7090 
-19183 
25586 
-9552 
9134 
-29833 
-527 
-9958 
6495 
-18119 
5443 
6131 
-31039 
-17215 
-7211 
-23441 
25826 
20775 
-4571 
-30649 
-9014 
4210 
-16751 
-7948 
-25428 
-12946 
-19450 
-5377 
-9908 
-1429 
20164 
13190 
-16340 
19153 
-1682 
-32085 
27550 
-28866 
-3501 
-3345 
7484 
28573 
-4631 
13829 
-31662 
2518 
-4084 
32643 
-32505 
-15179 
10069 
17771 
32571 
-938 
18917 
26119 
-29178 
-2488 
-12992 
-6211 
2822 
-15690 
2605 
18258 
29722 
-29872 
8789 
3886 
-12147 
-20044 
-31498 
7153 
-24037 
30383 
-8214 
24953 
29448 
4985 
-28103 
-25675 
19510 
-22863 
29948 
32093 
-30958 
30082 
-17738 
-905 
-18564 
-3709 
-28197 
-27869 
-18537 
-7028 
32533 
18071 
28349 
19600 
-29213 
10902 
-4784 
7095 
-24009 
-15201 
-30195 
9150 
-22110 
-26267 
-26979 
-8780 
13466 
30077 
-25009 
12920 
-30065 
-29021 
17064 
20856 
-17441 
3027 
24353 
-24958 
20491 
9506 
1531 
-22592 
3139 
10867 
-1403 
688 
-20471 
-7601 
-30897 
0 
0 
0 
0 
0 
0 
0 
0 
0 
0 
0 
0 
0 
0 
0 
0 
0 
0 
0 
0 
0 
0 
0 
0 
0 
0 
0 
0 
0 
0 
0 
0 
0 
0 
0 
0 
0 
0 
0 
0 
0 
0 
0 
0 
0 
0 
0 
0 
0 
0 
0 
0 
0 
0 
0 
0 
0 
0 
0 
0 
0 
0 
0 
0 
0 
0 
0 
0 
0 
0 
0 
0 
0 
0 
0 
0 
0 
0 
0 
0 
0 
0 
0 
0 
0 
0 
0 
0 
0 
0 
0 
0 
0 
0 
0 
0 
0 
0 
0 
0 
0 
0 
0 
0 
0 
0 
0 
0 
0 
0 
0 
0 
0 
0 
0 
0 
0 
0 
0 
0 
0 
0 
0 
0 
0 
0 
0 
0 
0 
0 
0 
0 
0 
0 
0 
0 
0 
0 
0 
0 
0 
0 
0 
0 
0 
0 
0 
0 
0 
0 
0 
0 
0 
0 
0 
0 
0 
0 
0 
0 
0 
0 
0 
0 
0 
0 
0 
0 
0 
0 
0 
0 
0 
0 
0 
0 
0 
0 
0 
0 
0 
0 
0 
0 
0 
0 
0 
0 
0 
0 
0 
0 
0 
0 
0 
0 
0 
0 
0 
0 
0 
0 
0 
0 
0 
0 
0 
0 
0 
0 
0 
0 
0 
0 
0 
0 
0 
0 
0 
0 
0 
0 
0 
0 
0 
0 
0 
0 
0 
0 
0 
0 
0 
0 
0 
0 
0 
0 
0 
0 
0 
0 
0 
0 
0 
0 
0 
0 
0 
0 
0 
0 
0 
0 
0 
0 
