4
6
7
7
6
4
1
0
-3
-5
-6
-6
-6
-4
-2
0
2
3
5
5
4
3
1
0
0
-1
-1
0
0
1
1
0
0
-3
-6
-9
-11
-12
-10
-6
0
8
17
26
31
33
29
20
5
-12
-31
-48
-61
-65
-60
-45
-20
10
44
75
98
109
105
83
47
0
-52
-102
-141
-163
-162
-137
-89
-24
50
123
183
221
229
204
146
64
-33
-132
-218
-277
-299
-279
-216
-119
0
125
239
323
365
355
293
187
49
-100
-241
-353
-417
-424
-370
-261
-112
57
222
360
450
477
437
333
181
0
-183
-344
-457
-507
-486
-395
-248
-64
128
305
438
511
511
438
305
128
-64
-248
-395
-486
-507
-457
-344
-183
0
181
333
437
477
450
360
222
57
-112
-261
-370
-424
-417
-353
-241
-100
49
187
293
355
365
323
239
125
0
-119
-216
-279
-299
-277
-218
-132
-33
64
146
204
229
221
183
123
50
-24
-89
-137
-162
-163
-141
-102
-52
0
47
83
105
109
98
75
44
10
-20
-45
-60
-65
-61
-48
-31
-12
5
20
29
33
31
26
17
8
0
-6
-10
-12
-11
-9
-6
-3
0
0
1
1
0
0
-1
-1
0
0
1
3
4
5
5
3
2
0
-2
-4
-6
-6
-6
-5
-3
0
1
4
6
7
7
6
4
